
5243 5161 5079 4997 4915 4833 4751 4669 4587 4505 4423 4341 4259 4177 4095 4013 3931 3849 3767 3685 3603 3521 3362 3201 3042 2881 2722 2561 2402 2241 2082 1921 1762 1601 1442 1281 1122 0961 0802 0641 0482 0321 0162 0001 0083 0005 0087 0009 0091 0013 0095 0017 0099 0021 0103 0025 0107 0029 0111 0033 0115 0037 0119 0041 0123 0045 0127 0049 0131 0053 0135 0057 0139 0061 0143 0065 0147 0069 0151 0073 
0155 0077 0159 0320 0479 0640 0799 0960 1119 1280 1439 1600 1759 1920 2079 2240 2399 2560 2719 2880 3039 3200 3359 3520 3679 3840 3999 4160 4319 4480 4639 4800 4959 5120 5279 5440 5599 5760 5919 6080 6239 6400 6318 6240 6399 6317 6395 6313 6391 6309 6387 6305 6383 6301 6379 6297 6375 6293 6371 6289 6367 6285 6363 6281 6359 6277 6355 6273 6351 6269 6347 6265 6343 6261 6339 6257 6335 6253 6331 6249 
6327 6245 6323 6241 6082 5921 5762 5601 5442 5281 5122 4961 4802 4641 4482 4321 4162 4001 3842 3681 3522 3361 3202 3041 2882 2721 2562 2401 2242 2081 1922 1761 1602 1441 1282 1121 0962 0801 0642 0481 0322 0161 0002 0084 0006 0088 0010 0092 0014 0096 0018 0100 0022 0104 0026 0108 0030 0112 0034 0116 0038 0120 0042 0124 0046 0128 0050 0132 0054 0136 0058 0140 0062 0144 0066 0148 0070 0152 0074 0156 
0078 0160 0238 0079 0240 0399 0560 0719 0880 1039 1200 1359 1520 1679 1840 1999 2160 2319 2480 2639 2800 2959 3120 3279 3440 3599 3760 3919 4080 4239 4400 4559 4720 4879 5040 5199 5360 5519 5680 5839 6000 6159 6320 6398 6316 6394 6312 6390 6308 6386 6304 6382 6300 6378 6296 6374 6292 6370 6288 6366 6284 6362 6280 6358 6276 6354 6272 6350 6268 6346 6264 6342 6260 6338 6256 6334 6252 6330 6248 6326 
6244 6322 6161 6243 6321 6162 6001 5842 5681 5522 5361 5202 5041 4882 4721 4562 4401 4242 4081 3922 3761 3602 3441 3282 3121 2962 2801 2642 2481 2322 2161 2002 1841 1682 1521 1362 1201 1042 0881 0722 0561 0402 0241 0082 0004 0165 0243 0404 0563 0724 0883 1044 1203 1364 1523 1684 1843 2004 2163 2324 2483 2644 2803 2964 3123 3284 3443 3525 3364 3203 3281 3442 3601 3523 3682 3841 3763 3604 3445 3363 
3524 3683 3844 3762 3921 4003 4164 4082 4241 4323 4484 4402 4561 4643 4804 4722 4881 4963 5124 5042 5201 5283 5444 5362 5521 5603 5764 5682 5841 5923 6084 6002 6163 6081 6242 6324 6165 6083 5922 5761 5683 5605 5523 5441 5363 5285 5203 5121 5043 4965 4883 4801 4723 4645 4563 4481 4403 4325 4243 4161 4002 3843 3684 3606 3765 3924 4083 4005 3923 3764 3846 3687 3605 3444 3283 3122 2961 2883 3044 3205 
3366 3527 3686 3845 4004 3926 4085 4163 4322 4244 4166 4084 3925 3766 3688 3847 4006 4165 4324 4483 4642 4564 4405 4246 4087 3928 3769 3608 3526 3365 3204 3043 3125 3286 3447 3288 3206 3124 2963 2802 2641 2563 2724 2885 3046 3207 3285 3367 3449 3610 3528 3446 3368 3529 3607 3448 3287 3126 2965 2804 2643 2482 2321 2243 2404 2565 2726 2887 2805 2723 2884 3045 3127 2966 3048 3209 3370 3531 3690 3768 
3609 3450 3289 3128 2967 2806 2645 2484 2323 2162 2001 1923 2084 2245 2406 2567 2485 2403 2564 2646 2728 2889 2807 2725 2886 2968 3050 3211 3129 3047 3208 3290 3372 3213 3131 3049 2888 2727 2566 2405 2244 2083 2165 2326 2487 2648 2809 2970 3052 3130 2969 2808 2647 2486 2325 2164 2003 1842 1681 1603 1764 1925 2086 2247 2408 2569 2730 2891 2732 2810 2649 2488 2327 2166 2005 1844 1683 1522 1361 1283 
1444 1605 1766 1927 1845 1763 1924 2006 2088 2249 2167 2085 2246 2328 2410 2571 2489 2407 2568 2650 2811 2729 2890 2972 2813 2731 2570 2409 2248 2087 1926 1765 1604 1443 1525 1686 1847 2008 2169 2330 2491 2652 2493 2411 2329 2168 2007 1846 1685 1524 1363 1202 1041 0963 1124 1285 1446 1607 1768 1929 2090 2251 2412 2490 2572 2654 2495 2573 2651 2492 2331 2170 2009 1848 1687 1526 1365 1204 1043 0882 
0721 0643 0804 0965 1126 1287 1205 1123 1284 1366 1448 1609 1527 1445 1606 1688 1770 1931 1849 1767 1928 2010 2092 2253 2171 2089 2250 2332 2414 2336 2254 2413 2252 2091 1930 1769 1608 1447 1286 1125 0964 0803 0885 1046 1207 1368 1529 1690 1851 2012 2173 2334 2175 2093 2011 2172 2333 2174 2013 1852 1691 1850 1689 1528 1367 1206 1045 0884 0723 0562 0401 0242 0081 0003 0164 0323 0484 0645 0806 0967 
1128 1289 1450 1611 1772 1933 2094 2255 2096 2014 1932 1771 1610 1449 1288 1127 0966 0805 0644 0483 0324 0163 0085 0007 0166 0244 0403 0325 0247 0086 0008 0169 0251 0090 0012 0173 0255 0094 0016 0177 0259 0098 0020 0181 0263 0102 0024 0185 0267 0106 0028 0189 0271 0110 0032 0193 0275 0114 0036 0197 0279 0118 0040 0201 0283 0122 0044 0205 0287 0126 0048 0209 0291 0130 0052 0213 0295 0134 0056 0217 
0299 0138 0060 0221 0303 0142 0064 0225 0307 0146 0068 0229 0311 0150 0072 0233 0315 0154 0076 0237 0319 0158 0080 0239 0400 0318 0157 0075 0236 0397 0558 0480 0398 0316 0234 0393 0232 0071 0153 0235 0317 0478 0396 0314 0475 0557 0639 0800 0878 0717 0556 0395 0313 0231 0149 0067 0228 0310 0392 0474 0635 0476 0394 0312 0230 0389 0471 0553 0714 0555 0477 0559 0720 0638 0716 0798 0637 0796 0718 0636 
0554 0472 0390 0308 0226 0385 0224 0063 0145 0227 0309 0391 0473 0634 0552 0470 0388 0306 0467 0549 0631 0713 0795 0877 0959 1120 1198 1037 0955 0873 0712 0551 0469 0387 0305 0223 0141 0059 0220 0302 0384 0466 0548 0630 0791 0632 0550 0468 0386 0304 0222 0381 0463 0545 0627 0709 0870 0711 0633 0794 0876 0715 0797 0879 1040 0958 1117 0956 1038 1199 1360 1278 1196 1118 0957 0875 0793 0954 1036 1197 
1279 1440 1358 1519 1680 1598 1437 1276 1115 1033 0872 0790 0629 0547 0465 0383 0301 0219 0137 0055 0216 0298 0380 0462 0544 0626 0708 0869 0710 0792 0874 1035 0953 0871 0789 0628 0546 0464 0382 0300 0218 0377 0459 0541 0623 0705 0787 0948 1030 0952 1034 1116 1277 1195 1113 1031 0949 0788 0706 0624 0542 0460 0378 0296 0214 0373 0212 0051 0133 0215 0297 0379 0461 0543 0625 0707 0866 0784 0702 0620 
0538 0456 0374 0292 0210 0369 0208 0047 0129 0211 0293 0375 0457 0539 0621 0703 0785 0867 1028 0950 0868 0786 0704 0622 0540 0458 0376 0294 0455 0537 0619 0701 0783 0865 0947 1029 0951 1112 1194 1355 1273 1114 1032 1191 1109 1027 0945 0863 0781 0699 0617 0535 0453 0371 0289 0207 0125 0043 0204 0286 0368 0290 0372 0454 0536 0618 0700 0782 0864 0946 1107 1025 0943 0861 0779 0697 0615 0533 0451 0612 
0534 0452 0370 0288 0206 0365 0447 0529 0611 0450 0532 0614 0696 0778 0860 0942 1024 1106 1188 1110 1192 1274 1356 1438 1599 1760 1838 1677 1518 1357 1516 1434 1275 1193 1111 1270 1352 1513 1354 1436 1597 1515 1433 1272 1190 1108 1026 0944 0862 0780 0698 0616 0694 0776 0858 0940 1022 1104 1186 1268 1350 1189 1271 1353 1435 1517 1595 1756 1678 1596 1514 1432 1593 1511 1429 1351 1269 1187 1105 1023 
0941 0859 0777 0695 0613 0531 0449 0367 0285 0203 0121 0039 0200 0282 0364 0446 0528 0610 0692 0774 0856 0938 1020 1102 1184 1266 1348 1430 1512 1594 1676 1758 1919 2080 2158 1997 1836 1675 1757 1839 2000 1918 2077 2159 2320 2238 2156 2078 1917 1995 1834 1673 1591 1509 1431 1349 1267 1185 1103 1021 0939 0857 0775 0693 0854 0772 0690 0608 0530 0448 0366 0284 0202 0361 0443 0525 0607 0689 0771 0853 
0935 1017 1099 1181 1263 1345 1427 1588 1510 1428 1346 1264 1182 1100 1018 0936 1097 1019 0937 0855 0773 0691 0609 0527 0445 0363 0281 0199 0117 0035 0196 0278 0360 0442 0524 0606 0688 0770 0852 0934 1016 1098 1180 1262 1101 1183 1265 1347 1506 1424 1342 1260 1178 1096 1014 0932 0850 0768 0686 0604 0526 0444 0362 0280 0198 0357 0439 0521 0603 0685 0767 0849 0931 1013 1095 1177 1259 1341 1423 1505 
1344 1426 1508 1590 1672 1754 1915 1837 1755 1916 1998 2076 2237 2398 2239 2400 2559 2720 2798 2637 2478 2317 2476 2558 2640 2479 2397 2315 2154 2236 2318 2157 2075 1993 1832 1671 1589 1507 1425 1343 1261 1179 1340 1258 1176 1015 0933 0851 0769 0687 0605 0523 0441 0359 0277 0195 0113 0031 0192 0274 0356 0438 0520 0602 0684 0766 0848 0930 1012 1094 1255 1173 1091 1009 0927 0845 0763 0681 0522 0440 
0358 0276 0194 0353 0435 0517 0599 0760 0601 0519 0437 0355 0273 0191 0109 0027 0188 0270 0352 0434 0516 0598 0680 0762 0844 0683 0765 0847 0929 1011 1093 1175 1257 1339 1421 1503 1585 1667 1749 1831 1670 1592 1674 1752 1913 1835 1753 1914 1996 2074 2235 2396 2557 2718 2879 3040 3118 2957 2796 2878 2960 2799 2717 2635 2474 2556 2638 2477 2395 2313 2152 2234 2316 2155 2073 1991 1830 1669 1587 1748 
1666 1584 1502 1420 1338 1256 1174 1092 1010 0928 0846 0764 0682 0600 0518 0436 0354 0272 0190 0349 0431 0513 0595 0677 0759 0841 0923 1005 1087 0926 1008 1090 1172 1254 1336 1418 1500 1422 1504 1586 1668 1750 1909 1827 1745 1663 1581 1499 1417 1335 1253 1171 1089 1007 0925 0843 0761 0679 0597 0515 0433 0351 0269 0187 0105 0023 0184 0266 0348 0430 0512 0594 0676 0758 0840 0922 1004 1086 1168 1250 
1332 1414 1496 1337 1419 1501 1583 1665 1747 1829 1751 1833 1994 1912 1990 1908 1826 1744 1662 1580 1498 1416 1334 1252 1170 1088 1006 0924 0842 1003 0921 0839 0678 0596 0514 0432 0350 0268 0186 0345 0427 0509 0591 0673 0755 0837 0919 1001 1083 1165 1247 1169 1251 1333 1415 1497 1579 1661 1743 1582 1664 1746 1828 1910 1992 2153 2071 1989 1911 2072 2233 2151 2069 1987 1905 1823 1741 1659 1577 1495 
1413 1331 1249 1167 1085 1246 1164 1082 1000 0918 0757 0675 0593 0511 0429 0347 0265 0183 0101 0019 0180 0262 0344 0426 0508 0590 0672 0754 0836 0997 0838 0756 0674 0592 0510 0428 0346 0264 0182 0341 0423 0505 0587 0669 0751 0833 0915 1076 0917 0835 0753 0671 0589 0507 0425 0343 0261 0179 0097 0015 0176 0258 0340 0422 0504 0586 0668 0750 0832 0914 0996 1078 1160 0999 1081 0920 1002 1084 1166 1248 
1330 1412 1494 1576 1658 1740 1822 1904 1986 1825 1907 2068 2150 2232 2314 2475 2393 2311 2229 2070 1988 1906 1824 1742 1660 1578 1739 1657 1575 1493 1411 1329 1490 1408 1326 1244 1162 1080 0998 0916 0834 0752 0670 0588 0506 0424 0342 0260 0178 0337 0419 0501 0583 0665 0747 0829 0911 0993 1075 1157 1079 1161 1243 1325 1407 1489 1328 1410 1492 1574 1656 1738 1820 1902 1984 2066 2148 2230 2312 2394 
2555 2473 2391 2309 2231 2149 2067 1985 1903 1821 1982 1900 1818 1736 1654 1572 1733 1655 1573 1491 1409 1327 1245 1163 1324 1242 1403 1321 1239 1400 1241 1159 1077 0995 0913 0831 0749 0667 0585 0503 0421 0339 0257 0175 0093 0011 0172 0254 0336 0418 0500 0582 0664 0746 0828 0910 0992 1074 1156 1238 1320 1402 1484 1323 1405 1487 1569 1651 1812 1653 1571 1732 1650 1568 1486 1404 1322 1240 1158 1319 
1237 1155 0994 0912 0830 0748 0666 0584 0502 0420 0338 0256 0174 0333 0415 0497 0579 0661 0743 0825 0907 0989 1071 1153 1235 1317 1399 1481 1563 1485 1567 1406 1488 1570 1652 1734 1816 1898 1737 1819 1901 1983 2065 2147 2308 2226 2144 2062 1980 2141 2063 1981 1899 1817 1735 1894 1976 1815 1897 1979 2061 2143 2225 2064 2146 2228 2310 2392 2553 2471 2389 2307 2468 2390 2472 2554 2636 2797 2715 2633 
2551 2469 2387 2305 2227 2145 2223 2384 2306 2224 2142 2060 1978 1896 1814 1975 1893 1811 1729 1647 1565 1483 1401 1562 1480 1398 1316 1234 1073 0991 0909 0827 0745 0663 0581 0499 0417 0335 0253 0171 0089 0167 0245 0406 0565 0726 0887 1048 1209 1370 1531 1692 1853 1935 1774 1613 1452 1530 1369 1208 1047 0886 0725 0564 0405 0246 0168 0250 0328 0487 0326 0485 0646 0807 0968 1129 1290 1451 1612 1773 
1934 2095 2177 2016 1855 1694 1533 1372 1211 1050 0889 0728 0567 0408 0249 0327 0486 0647 0569 0410 0332 0414 0496 0578 0660 0742 0824 0906 0988 1070 1152 1313 1154 1072 0990 0908 0826 0744 0662 0580 0498 0416 0334 0252 0170 0248 0330 0412 0494 0576 0658 0740 0822 0904 0986 1068 1150 1232 1314 1236 1318 1396 1478 1560 1482 1564 1646 1728 1810 1649 1731 1813 1895 1977 2059 2220 2302 2463 2304 2386 
2545 2467 2385 2303 2221 2139 2057 2218 2140 2058 2136 2054 1972 1890 1808 1730 1648 1566 1644 1726 1887 1809 1727 1645 1806 1724 1642 1803 1725 1643 1561 1479 1397 1315 1233 1151 1069 0987 0905 0823 0741 0659 0577 0495 0413 0331 0409 0491 0573 0655 0737 0819 0901 0983 1065 1147 1229 1311 1393 1475 1557 1639 1721 1882 1723 1805 1964 1886 1804 1722 1640 1558 1476 1394 1312 1230 1148 1066 0984 0902 
0820 0738 0656 0574 0492 0651 0490 0329 0488 0566 0407 0568 0727 0649 0808 0969 0810 0888 0729 0570 0411 0489 0648 0730 0571 0493 0652 0734 0575 0657 0739 0821 0903 0985 1067 1149 1231 1392 1310 1228 1146 1064 0982 0900 0818 0736 0654 0572 0650 0732 0891 0809 0731 0653 0735 0813 0895 0817 0899 0981 1063 1145 1227 1309 1391 1473 1395 1477 1559 1641 1800 1718 1636 1554 1472 1390 1308 1226 1144 1062 
0980 0898 0816 0977 1059 1141 1223 1305 1387 1469 1551 1633 1474 1556 1638 1720 1802 1884 1966 1807 1889 1971 2053 1892 1974 2056 2138 2299 2217 2135 2296 2137 2055 1973 1891 1969 2051 2133 2215 2297 2219 2301 2379 2461 2300 2222 2383 2465 2547 2388 2470 2552 2634 2716 2877 2795 2713 2631 2549 2627 2466 2548 2630 2712 2794 2876 2958 3119 3280 3198 3037 2955 2873 2714 2632 2550 2709 2791 2952 2793 
2875 3036 2954 2872 2711 2629 2790 2708 2626 2544 2462 2380 2298 2216 2134 2052 1970 1888 2049 1967 1885 2046 1968 2050 2132 2214 2375 2293 2211 2129 2047 1965 1883 1801 1719 1637 1555 1716 1634 1552 1470 1388 1306 1224 1142 1060 0978 0896 0814 0973 0812 0890 1049 0971 1130 1291 1132 1210 1051 0892 0733 0811 0970 1052 0893 0815 0974 1056 0897 0979 1061 1143 1225 1307 1389 1471 1553 1635 1717 1799 
1881 1963 2045 2127 2209 2048 2130 2212 2294 2376 2458 2540 2381 2459 2377 2295 2213 2131 2292 2210 2128 2289 2207 2125 2043 1961 1879 1797 1715 1876 1798 1880 1962 2044 2126 2208 2290 2372 2454 2536 2618 2457 2539 2378 2460 2382 2464 2546 2628 2710 2792 2874 2956 3038 3199 3360 3438 3277 3116 3034 3195 3117 3035 2953 2871 2789 2707 2625 2543 2621 2703 2542 2624 2706 2788 2870 3031 3113 3274 3115 
3197 3358 3276 3194 3033 2951 2869 2787 2705 2623 2541 2702 2620 2538 2456 2374 2535 2453 2371 2532 2373 2291 2450 2368 2286 2204 2122 2040 1958 2119 1960 1878 1796 1714 1632 1550 1468 1386 1304 1222 1140 1058 0976 0894 0972 1054 1213 1131 1053 0975 1057 1135 1217 1139 1221 1303 1385 1467 1549 1631 1713 1795 1877 1959 2041 2123 2205 2287 2369 2451 2533 2455 2537 2619 2701 2783 2622 2704 2786 2868 
2950 3032 3114 3196 3278 3356 3517 3439 3600 3518 3357 3275 3193 3111 3029 2947 2865 3026 2867 2785 2946 2864 2782 2700 2861 2779 2697 2615 2693 2534 2452 2370 2288 2206 2124 2042 2201 2283 2365 2447 2529 2611 2772 2613 2531 2449 2367 2285 2203 2121 2039 1957 1875 1793 1711 1629 1547 1465 1383 1301 1219 1137 1055 1133 1292 1214 1136 1218 1300 1382 1464 1546 1628 1710 1792 1874 1956 2038 2120 2202 
2284 2366 2448 2530 2612 2694 2616 2698 2780 2862 2784 2866 2948 3030 3112 3273 3191 3109 3027 2949 3108 3190 3272 3354 3436 3597 3519 3680 3758 3676 3515 3437 3355 3433 3351 3192 3110 3028 3189 3107 3025 2943 3104 2945 2863 2781 2699 2617 2776 2858 2940 3022 2944 3105 3023 2941 2859 2777 2695 2854 2936 2775 2614 2696 2778 2860 2942 3024 3106 3188 3270 3352 3434 3516 3598 3759 3920 3838 3677 3595 
3513 3435 3353 3271 3432 3350 3268 3186 3347 3269 3187 3265 3183 3101 3019 2937 2855 2773 2691 2609 2527 2445 2363 2281 2199 2117 2035 1953 1794 1712 1630 1548 1466 1384 1302 1220 1138 1299 1381 1463 1545 1627 1709 1791 1873 1955 2037 2198 2116 2034 1952 1870 1788 1706 1624 1542 1460 1378 1296 1374 1215 1297 1379 1461 1543 1625 1707 1789 1871 2032 1954 1872 1790 1708 1626 1544 1462 1380 1298 1216 
1134 1293 1371 1212 1294 1453 1375 1457 1535 1376 1458 1540 1622 1704 1786 1868 1950 2111 2033 1951 1869 1787 1705 1623 1541 1459 1377 1295 1454 1532 1373 1455 1614 1536 1618 1696 1537 1619 1701 1783 1865 1947 2029 2190 2031 1949 1867 1785 1703 1621 1539 1700 1782 1864 1946 2028 2110 2192 2114 2036 2118 2200 2282 2364 2446 2528 2610 2692 2774 2856 2938 3020 3102 3184 3266 3348 3430 3512 3594 3755 
3596 3514 3673 3591 3509 3431 3349 3267 3185 3103 3021 2939 2857 3018 3100 3182 3264 3346 3428 3510 3592 3674 3756 3678 3837 3998 3839 4000 4159 4320 4398 4237 4078 3917 3835 3757 3675 3593 3511 3429 3590 3508 3426 3344 3262 3180 3098 3016 2934 2852 2770 2688 2606 2524 2442 2360 2278 2196 2357 2279 2197 2115 2193 2275 2353 2194 2112 2030 1948 1866 1784 1702 1620 1538 1456 1615 1693 1534 1616 1775 
1697 1779 1857 1698 1780 1862 1944 2026 2108 2269 2187 2109 2027 1945 1863 1781 1699 1617 1776 1854 1695 1777 1936 1858 1940 2018 1859 1941 2023 2105 2266 2107 2025 1943 1861 2022 2104 2186 2268 2427 2345 2184 2106 2188 2270 2348 2189 2271 2349 2267 2185 2024 1942 1860 1778 1937 2015 1856 1938 2020 2102 2263 2181 2103 2021 1939 2017 2099 2258 2176 2098 2180 2019 2097 2256 2178 2100 2182 2264 2346 
2428 2350 2191 2113 2272 2431 2509 2587 2505 2423 2341 2259 2337 2415 2574 2733 2892 3051 3210 3369 3291 3132 2971 2812 2653 2494 2335 2257 2179 2101 2262 2344 2183 2265 2426 2508 2347 2429 2351 2273 2195 2277 2359 2441 2280 2362 2444 2526 2608 2690 2851 2769 2687 2605 2523 2684 2525 2443 2361 2439 2521 2603 2685 2607 2689 2771 2853 2935 3017 3099 3181 3263 3345 3427 3588 3506 3424 3342 3260 3178 
3096 3014 2932 2850 2768 2686 2604 2522 2440 2358 2276 2354 2436 2518 2600 2682 2764 2846 2928 2767 2849 2931 3013 3095 3177 3259 3341 3423 3505 3587 3669 3751 3833 3672 3754 3836 3918 4079 4240 4158 3997 3915 4076 3994 3916 3834 3752 3670 3831 3753 3671 3589 3507 3425 3343 3261 3179 3097 3015 2933 3094 3012 2930 2848 2766 2927 2845 2763 2602 2520 2438 2356 2274 2435 2517 2599 2681 2842 2683 2601 
2519 2437 2355 2433 2515 2597 2679 2761 2843 2765 2847 2929 3011 3093 3175 3257 3339 3421 3503 3585 3667 3749 3910 3832 3750 3668 3586 3504 3422 3340 3258 3176 3337 3255 3173 3091 3009 3170 3092 3010 3088 3006 2924 3002 2920 2759 2598 2516 2434 2352 2430 2512 2594 2676 2758 2680 2841 2923 2762 2844 2926 3008 3090 3172 3254 3336 3418 3500 3582 3664 3746 3828 3989 3830 3912 4071 3993 3911 3829 3747 
3665 3583 3501 3419 3580 3502 3420 3338 3256 3174 3252 3334 3416 3498 3659 3581 3499 3417 3335 3253 3171 3089 3007 2925 3084 3166 3005 3087 3169 3251 3333 3415 3497 3579 3661 3743 3584 3666 3748 3907 3825 3986 3827 3745 3663 3741 3823 3662 3744 3826 3908 3990 4072 3913 3995 4077 4238 4156 4074 3996 3914 3992 4153 4075 4157 4318 4236 4154 4315 4397 4479 4640 4718 4557 4396 4235 4317 4399 4560 4478 
4637 4476 4558 4719 4880 4798 4716 4638 4477 4316 4155 4073 3991 3909 4068 4150 4232 4314 4475 4636 4797 4958 4799 4960 5119 5280 5358 5197 5038 4877 5036 5118 5200 5039 4957 4875 4714 4555 4394 4233 4151 4069 3987 3905 4066 3988 3906 3824 3742 3660 3578 3496 3414 3332 3250 3168 3086 3004 2922 2840 3001 3083 3165 3247 3329 3411 3493 3575 3657 3739 3821 3903 3985 4067 4149 4231 4070 4152 4234 4395 
4313 4474 4556 4717 4878 4796 4635 4553 4392 4310 4228 4146 4064 3982 3904 3822 3740 3658 3576 3494 3412 3330 3248 3409 3331 3249 3167 3085 3003 2921 2760 2678 2596 2514 2432 2510 2592 2674 2513 2595 2677 2838 2756 2917 2839 2757 2675 2593 2511 2672 2590 2751 2669 2591 2673 2755 2837 2919 3080 2998 2916 2834 2752 2670 2588 2506 2424 2342 2260 2419 2501 2340 2418 2496 2655 2814 2973 2895 2734 2893 
3054 2976 2894 2735 2576 2417 2339 2261 2343 2425 2507 2589 2671 2753 2835 2996 2918 2836 2754 2915 2833 2994 2912 2830 2748 2666 2584 2502 2420 2338 2416 2498 2580 2421 2503 2585 2667 2749 2831 2913 2995 3077 2999 3081 3163 3245 3327 3488 3410 3328 3246 3164 3082 3000 3159 3241 3323 3162 3244 3326 3408 3490 3572 3413 3495 3577 3738 3656 3574 3492 3570 3652 3491 3573 3655 3737 3819 3901 3983 4065 
4147 4229 4311 4393 4554 4472 4390 4312 4230 4148 4309 4227 4145 3984 3902 3820 3981 4063 4224 4142 4060 3899 3817 3735 3653 3571 3489 3407 3325 3243 3161 3079 2997 3158 3076 3237 3078 3160 3242 3324 3406 3567 3485 3403 3321 3239 3157 3075 2914 2832 2750 2668 2586 2504 2422 2583 2665 2747 2829 2911 2993 3154 3072 2990 2908 2826 2744 2662 2823 2664 2582 2500 2578 2656 2497 2575 2657 2579 2661 2743 
2825 2907 2746 2828 2910 2992 3074 3156 3238 3320 3402 3484 3566 3405 3487 3569 3651 3733 3815 3654 3736 3818 3900 3978 3896 3814 3732 3650 3568 3486 3404 3322 3240 3401 3319 3480 3398 3316 3155 3073 2991 2909 2827 2745 2663 2581 2499 2577 2736 2658 2817 2739 2821 2660 2742 2824 2906 2988 3070 3152 3234 3395 3236 3318 3400 3482 3564 3646 3728 3810 3649 3731 3813 3895 3734 3816 3898 3980 4062 4144 
4226 4308 4469 4391 4473 4634 4552 4470 4388 4306 4467 4389 4471 4632 4550 4468 4307 4225 4143 4061 3979 3897 4058 3976 3894 3812 3730 3648 3809 3727 3645 3563 3481 3399 3317 3235 3153 3071 2989 3150 3068 2986 2904 2822 2740 2901 2819 2741 2659 2737 2815 2974 2896 2818 2900 2982 3064 2903 2985 3067 3149 3231 3313 3474 3315 3233 3151 3069 2987 2905 2983 3065 3147 3229 3311 3393 3232 3314 3396 3478 
3560 3642 3483 3565 3647 3729 3811 3893 3975 4057 4139 4221 4303 4385 4546 4387 4305 4223 4141 4059 3977 4138 4056 3974 3892 4053 3971 3889 3807 3725 3643 3561 3479 3397 3556 3638 3477 3559 3641 3723 3562 3644 3726 3808 3890 3972 4054 4136 4218 4140 4222 4304 4386 4464 4382 4300 4461 4302 4220 4381 4299 4217 4135 4296 4137 4055 3973 3891 4052 3970 3888 3806 3724 3885 3803 3721 3639 3557 3475 3636 
3558 3476 3394 3312 3230 3148 3066 2984 2902 2820 2738 2816 2898 2980 3062 3144 3226 3308 3390 3472 3554 3715 3637 3555 3473 3391 3309 3227 3145 3063 2981 2899 2977 3059 3141 3223 3305 3146 3228 3310 3392 3553 3471 3389 3307 3225 3143 3061 2979 2897 3058 3140 3222 3304 3386 3468 3550 3632 3714 3796 3635 3717 3799 3640 3718 3800 3722 3804 3886 3968 4050 4132 4214 4375 4216 4134 4295 4213 4131 4049 
3967 4128 3969 3887 3805 3966 3884 3802 3720 3881 3963 4045 4127 4209 4048 4130 4291 4373 4212 4051 4133 4215 4297 4219 4301 4383 4465 4547 4629 4551 4633 4715 4876 4794 4712 4630 4548 4466 4384 4543 4625 4707 4789 4628 4710 4549 4631 4713 4795 4956 4874 4792 4953 4871 4793 4711 4872 4954 5115 5037 4955 4873 4791 4709 4627 4545 4463 4624 4542 4460 4378 4456 4374 4292 4210 4371 4293 4211 4129 4047 
3965 3883 3801 3719 3878 3960 3882 3964 4046 4207 4289 4450 4368 4290 4208 4126 4044 3962 3880 3798 3716 3634 3552 3470 3388 3306 3224 3142 3060 2978 3056 3138 3220 3302 3384 3466 3548 3387 3469 3551 3633 3794 3712 3630 3791 3713 3631 3549 3467 3385 3303 3221 3139 3057 2975 3053 3135 3217 3299 3381 3463 3545 3627 3709 3870 3711 3629 3547 3465 3383 3301 3219 3137 3055 3133 3215 3297 3136 3218 3300 
3382 3464 3546 3628 3710 3792 3874 3952 3793 3875 3797 3879 3961 4043 4125 4286 4204 4122 4040 3958 3876 4037 3959 3877 3795 3956 4038 4120 4042 4124 4206 4288 4370 4452 4534 4616 4455 4294 4372 4454 4376 4298 4380 4462 4544 4626 4708 4790 4951 5033 5194 5035 5117 5278 5196 5114 5032 4950 4868 4786 4704 4622 4540 4379 4457 4539 4621 4703 4785 4867 4706 4788 4870 4952 5034 5116 5198 5276 5437 5359 
5520 5438 5277 5195 5113 5031 4949 5110 5192 5274 5356 5517 5439 5600 5678 5596 5435 5357 5518 5679 5840 5758 5597 5436 5275 5193 5111 5029 4947 4869 4787 4705 4623 4541 4459 4377 4538 4620 4702 4784 4866 4948 5030 5112 5273 5355 5516 5598 5759 5920 6079 5918 5757 5675 5514 5353 5271 5189 5028 4946 4864 4782 4700 4618 4536 4458 4619 4537 4698 4780 4862 4701 4783 4865 5026 4944 5105 5027 4945 4863 
4781 4699 4617 4535 4453 4614 4532 4693 4615 4533 4451 4369 4287 4205 4123 4041 4202 4284 4366 4448 4530 4612 4694 4776 4858 4697 4779 4861 4943 5025 5107 5266 5188 5106 5024 4942 4860 4778 4696 4857 4775 4936 4777 4695 4613 4531 4449 4367 4285 4203 4121 4039 3957 4118 4036 3954 3872 3790 3708 3626 3544 3462 3380 3298 3216 3134 3212 3294 3376 3458 3540 3379 3461 3543 3625 3707 3789 3871 3953 4035 
4117 4199 4281 4363 4445 4527 4609 4691 4773 4855 4937 4859 4941 5023 5184 5102 5020 4938 4856 4774 4692 4610 4528 4446 4364 4282 4200 4361 4283 4201 4119 4280 4198 4116 3955 3873 4034 4195 4113 4031 3949 3788 3706 3624 3542 3460 3378 3296 3214 3292 3451 3373 3295 3377 3459 3541 3623 3705 3787 3869 3951 4033 4115 4197 4279 4440 4362 4444 4522 4604 4443 4365 4526 4608 4447 4529 4611 4772 4690 4851 
4769 4687 4605 4523 4441 4359 4277 4438 4360 4278 4196 4114 4032 3950 3868 3786 3704 3622 3783 3701 3619 3537 3455 3533 3374 3456 3538 3620 3702 3784 3866 3948 4030 4112 4194 4276 4358 4519 4437 4355 4273 4191 4109 4027 3945 3867 3785 3703 3621 3539 3457 3375 3293 3371 3453 3535 3617 3699 3781 3863 4024 3865 3947 4029 4111 4193 4275 4357 4439 4521 4682 4600 4518 4436 4354 4272 4190 4108 4026 3944 
3862 3780 3698 3616 3534 3452 3530 3612 3694 3776 3615 3454 3532 3691 3613 3772 3611 3689 3850 4009 3927 4086 4008 4167 4245 4404 4326 4485 4644 4803 4962 4884 4725 4566 4407 4248 4089 4007 3848 3770 3692 3614 3536 3618 3700 3782 3864 3946 4028 4110 4192 4274 4356 4517 4435 4353 4271 4189 4107 4025 3943 3861 3779 3697 3858 3940 4022 4104 4186 4268 4350 4432 4514 4596 4678 4760 4599 4681 4520 4442 
4601 4683 4524 4606 4688 4770 4852 4934 5016 5098 4939 5021 5103 5185 5267 5108 5190 5272 5354 5515 5433 5351 5269 5191 5109 5187 5348 5270 5352 5434 5595 5677 5838 5756 5674 5513 5431 5349 5510 5432 5350 5268 5186 5104 5022 4940 5018 5100 5182 5264 5346 5428 5589 5430 5512 5594 5676 5837 5998 6157 6235 6396 6314 6392 6231 6153 6075 5916 5755 5673 5591 5509 5427 5345 5263 5181 5099 5017 4935 4853 
4771 4689 4607 4525 4603 4685 4767 4849 4931 5013 4854 5015 4933 5094 5012 4930 4848 4766 4684 4602 4763 4845 4686 4768 4850 4932 5014 5096 5178 5019 5101 5183 5265 5347 5429 5511 5593 5671 5753 5592 5670 5588 5506 5424 5342 5260 5421 5262 5180 5341 5259 5177 5095 5173 5091 5009 4927 5088 4929 4847 4765 4926 4844 4762 4680 4598 4516 4434 4352 4270 4188 4106 4267 4185 4103 3942 3860 3778 3696 3774 
3852 3693 3771 3930 4091 3932 3854 3695 3773 3851 3929 4011 3933 3855 3777 3859 3941 4023 4105 4187 4269 4351 4433 4515 4597 4679 4761 4843 4925 4764 4846 4928 5010 5092 5174 5256 5097 5179 5261 5343 5425 5507 5668 5590 5508 5426 5344 5503 5585 5667 5749 5831 5672 5754 5836 5997 5915 5833 5751 5669 5587 5505 5423 5584 5502 5420 5338 5499 5340 5258 5176 5337 5255 5416 5257 5339 5498 5580 5419 5501 
5662 5744 5666 5748 5830 5752 5834 5912 5994 5835 5917 5999 6160 6078 5996 5914 5832 5750 5911 5993 6071 5910 5992 6074 5913 5995 6077 6238 6156 6234 6393 6232 6073 6155 6237 6076 6158 6319 6397 6236 6154 6315 6233 6072 5990 5829 5747 5586 5504 5422 5583 5665 5826 5908 6069 6151 6310 6149 6227 6388 6306 6384 6223 6145 6067 6228 6389 6230 6152 5991 6150 6311 6229 6070 5909 6068 5986 5827 5988 6147 
6225 6307 6385 6226 6148 5989 5828 5987 6146 6064 5905 5746 5907 6066 6144 5985 5903 5825 5664 5582 5500 5418 5336 5175 5093 5011 5170 5252 5334 5495 5417 5335 5253 5171 5089 5007 5168 5090 5008 5086 5004 4922 4840 4758 4676 4594 4512 4430 4348 4266 4184 4102 4020 3938 3856 3934 3775 3936 4018 3857 4016 4098 3937 4019 4101 4183 4265 4347 4429 4511 4593 4675 4757 4839 4921 5003 4842 4924 5006 5167 
5085 5246 5087 5005 4923 4841 4759 4677 4595 4513 4431 4349 4510 4428 4346 4264 4182 4100 3939 4021 4180 4262 4344 4426 4508 4590 4672 4754 4836 4918 5000 5082 5164 5325 5166 5084 5002 4920 4838 4756 4674 4592 4753 4671 4589 4507 4425 4343 4261 4179 4097 4015 4093 4175 4014 3853 3935 4017 4099 4181 4263 4345 4427 4509 4591 4673 4755 4837 4919 5001 5083 5165 5247 5169 5251 5329 5407 5248 5330 5412 
5494 5333 5172 5254 5415 5497 5579 5661 5743 5904 5745 5906 6065 6224 6063 6222 6381 6303 6142 5983 5824 5663 5581 5742 5660 5578 5496 5414 5332 5250 5411 5493 5575 5657 5739 5821 5982 5823 5984 6143 6302 6141 6219 6380 6221 6062 5901 6060 5899 5740 5822 5981 6140 6299 6377 6218 6059 6220 6138 5977 5818 5900 5741 5659 5577 5738 5820 5902 6061 5979 5897 5736 5658 5576 5654 5572 5413 5331 5249 5410 
5328 5489 5571 5653 5492 5574 5656 5817 5735 5896 5737 5819 5980 5898 5816 5655 5573 5491 5409 5327 5245 5163 5081 4999 4917 4835 4996 4914 4832 4750 4668 4586 4504 4422 4340 4258 4176 4094 4012 4173 4255 4096 4178 4260 4342 4424 4506 4588 4670 4752 4834 4916 4998 5080 5162 5244 5326 5408 5490 5651 5569 5487 5405 5323 5241 5159 5077 4995 4913 4831 4749 4667 4585 4503 4421 4339 4257 4418 4336 4254 
4172 4090 4168 4250 4332 4171 4010 4088 4170 4092 4174 4256 4338 4420 4502 4584 4666 4748 4830 4912 4994 5076 5158 5240 5322 5404 5486 5568 5650 5732 5814 5975 6057 6139 5978 6137 6298 6216 6055 6214 6136 6058 5976 5815 5733 5894 5812 5734 5652 5570 5488 5406 5324 5242 5160 5078 5239 5157 5075 4993 4911 4829 4747 4665 4583 4501 4419 4337 4498 4416 4334 4252 4330 4169 4247 4329 4251 4333 4415 4497 
4579 4661 4500 4582 4664 4746 4828 4910 4992 5074 5156 5238 5320 5402 5484 5566 5648 5730 5891 5813 5895 5973 6134 6056 6217 6376 6215 6054 5893 5811 5729 5647 5565 5483 5401 5319 5237 5155 5073 4991 4909 4827 4745 4663 4581 4499 4417 4335 4253 4414 4496 4578 4660 4742 4824 4906 4988 5070 5152 5234 5316 5398 5480 5321 5403 5485 5567 5649 5731 5809 5727 5645 5563 5481 5399 5317 5235 5153 5071 4989 
4907 4825 4743 4904 4826 4744 4662 4580 4741 4659 4577 4495 4413 4331 4249 4327 4486 4408 4490 4412 4494 4576 4658 4740 4822 4983 4905 4823 4901 4819 4737 4655 4573 4491 4409 4568 4727 4805 4646 4724 4565 4406 4328 4487 4569 4410 4488 4647 4806 4728 4567 4489 4411 4493 4575 4657 4739 4821 4903 4985 5067 4908 4990 5072 5154 5236 5318 5400 5482 5564 5646 5728 5810 5892 5974 6135 6053 5971 6132 6210 
6369 6291 6373 6295 6213 6052 5970 5888 5806 5724 5642 5560 5478 5396 5314 5232 5150 5068 4986 5064 4982 4900 4818 4736 4654 4572 4650 4732 4571 4649 4810 4651 4492 4574 4656 4738 4820 4902 4984 5066 5148 4987 5069 5151 5233 5315 5397 5479 5561 5643 5725 5807 5889 6050 5972 6133 6294 6372 6211 6129 6051 6212 6130 5969 5808 5890 5968 5886 6047 6208 6290 6131 6049 5967 6128 6206 6365 6287 6209 6368 
6207 6048 6126 5965 5887 5726 5804 5722 5644 5562 5640 5558 5476 5394 5312 5230 5391 5313 5231 5149 5310 5228 5146 5307 5229 5147 5065 5226 5144 5062 4980 4898 4816 4734 4652 4570 4729 4888 4966 5044 4885 4726 4648 4807 4889 4730 4808 4967 5126 5204 5282 5123 4964 4886 5045 5127 5205 5364 5286 5125 5047 4969 4887 5046 4968 4809 4731 4653 4735 4817 4899 4981 5063 5145 5227 5309 5387 5305 5223 5141 
5059 4977 4895 4813 4891 5050 5128 5206 5284 5445 5367 5208 5049 4890 4812 4971 4893 4811 4733 4815 4897 4979 5061 5143 5225 5386 5308 5390 5468 5550 5389 5311 5472 5554 5393 5475 5557 5639 5721 5803 5885 6046 6124 6283 6361 6202 6120 6279 6357 6198 6116 6275 6353 6194 6112 6271 6349 6190 6108 6267 6345 6186 6104 6263 6341 6182 6100 6259 6337 6178 6096 6255 6333 6174 6092 6251 6329 6170 6088 6247 
6325 6166 6005 6164 6003 5844 5685 5524 5602 5443 5365 5287 5446 5368 5207 5048 5209 5131 4970 4892 4814 4896 4978 5060 5142 5224 5306 5388 5470 5392 5474 5552 5634 5473 5395 5556 5638 5477 5559 5641 5723 5805 5966 6127 6286 6125 5964 5882 5800 5718 5636 5797 5719 5637 5555 5716 5798 5720 5802 5884 6045 5963 5881 5799 5717 5635 5553 5471 5632 5714 5796 5878 5960 5801 5883 6042 6203 6364 6205 6044 
5962 5880 6041 6123 6201 6360 6282 6204 6043 6121 6199 6038 5879 5961 6122 6040 5958 6119 6197 6356 6278 6200 6039 5957 6118 5959 5877 5795 5713 5631 5549 5467 5385 5303 5221 5139 5057 4975 5053 4894 4972 5054 4976 5058 5140 5222 5304 5465 5383 5301 5219 5137 5055 4973 5132 5214 5136 5218 5300 5382 5464 5546 5628 5469 5551 5633 5715 5876 6037 6196 6035 6117 5956 5874 5792 5710 5871 5712 5794 5955 
5873 6034 6195 6036 5875 5953 6114 6032 6193 6115 5954 5793 5711 5629 5547 5708 5630 5548 5466 5384 5302 5220 5138 5056 4974 5135 5217 5299 5381 5463 5545 5627 5709 5791 5952 6113 6274 6352 6191 6030 5869 5951 5790 5872 6033 6192 6110 5949 6031 5870 5788 5706 5624 5542 5460 5378 5296 5457 5298 5216 5134 5052 5130 5289 5211 5129 5051 5133 5215 5297 5379 5461 5543 5625 5707 5789 5950 6111 6270 6109 
5948 5787 5626 5544 5462 5380 5539 5621 5703 5785 5867 6028 6189 6348 6187 6026 6185 6344 6183 6022 6181 6340 6179 6018 6177 6336 6175 6014 6173 6332 6171 6010 6169 6328 6246 6087 5926 6085 6167 6006 5924 5763 5604 5526 5448 5366 5288 5210 5292 5370 5529 5447 5525 5607 5766 5684 5843 6004 5845 5686 5527 5449 5290 5212 5294 5376 5458 5540 5622 5704 5786 5868 6029 5947 5865 5783 5705 5623 5541 5459 
5377 5295 5213 5374 5456 5538 5620 5702 5784 5866 6027 6188 6106 5945 5863 6024 5946 6107 6266 6105 5944 6103 6025 5864 5782 5943 5861 5700 5618 5536 5375 5293 5371 5453 5535 5617 5699 5781 5942 6101 6262 6184 6023 5941 6102 6020 5859 5777 5695 5534 5452 5291 5373 5455 5616 5698 5537 5619 5701 5862 5780 5939 6021 5860 5778 5696 5614 5532 5454 5372 5450 5611 5533 5451 5369 5530 5608 5767 5606 5765 
5687 5528 5689 5848 6009 5927 6086 5925 5847 5688 5610 5769 5928 5846 6007 6168 6250 6089 5930 6091 5932 5850 5768 5609 5531 5613 5691 5773 5612 5771 5849 6008 6090 5929 5770 5692 5851 5690 5772 5931 5853 5694 5855 5937 6019 6180 6098 6016 5857 5779 5940 6099 5938 6097 6258 6176 6254 6172 6011 6093 6015 5933 6094 6012 5934 5852 5693 5775 5697 5615 5774 5856 6017 5935 5776 5858 5936 5854 6013 6095 
